[?25l[0m [38;2;0;0;0m                                       [0m
 [38;2;0;0;0m   [0m [38;2;82;106;185m_                                  [0m
 [38;2;0;0;0m   [0m [38;2;3;79;253;48;2;24;93;248m:[0m[7m[38;2;22;80;193m~[0m[38;2;35;97;243m_[0m [38;2;0;0;0m                               [0m
 [38;2;0;0;0m   [0m [38;2;24;91;251;48;2;14;90;252mL[38;2;0;92;254;48;2;1;90;253m'[38;2;2;89;253;48;2;3;88;252m.[0m[7m[38;2;17;84;216m`[0m[38;2;29;79;195my[0m [38;2;57;66;92m                             [0m
 [38;2;0;0;0m   [0m [38;2;25;90;251;48;2;14;89;252mL[38;2;1;89;254;48;2;1;89;253m#[48;2;0;89;253m`[38;2;2;89;254m~`[38;2;79;113;193;48;2;9;84;235m`[0m[7m[38;2;33;75;167m~[0m[38;2;44;77;170m_                           [0m
 [38;2;0;0;0m   [0m [38;2;25;92;252;48;2;14;89;252mL[38;2;1;90;254;48;2;0;89;253m`[48;2;0;89;254m [38;2;0;89;254;48;2;0;88;254mw[48;2;0;89;254m  [38;2;2;89;252;48;2;0;89;253m`[38;2;29;90;243;48;2;4;88;247m`[0m[7m[38;2;30;88;206m~[0m[38;2;28;94;245m_[0m [38;2;0;0;0m                        [0m
 [38;2;0;0;0m   [0m [38;2;24;91;252;48;2;14;90;252mL[38;2;0;90;254;48;2;0;89;253m:[38;2;1;88;254;48;2;1;89;254me[38;2;0;89;254;48;2;0;89;253m:[38;2;1;89;254m.._[38;2;0;89;254m`[38;2;1;90;252m"[38;2;2;91;251;48;2;1;89;252m?[0m[7m[38;2;21;89;224m`[0m[38;2;29;85;205my[0m [38;2;69;82;117m                      [0m
 [38;2;0;0;0m   [0m [38;2;24;92;252;48;2;14;89;252mL[38;2;2;89;254;48;2;1;89;253m<[38;2;0;89;254;48;2;0;89;253m~:[48;2;0;88;252m:[0m[7m[38;2;31;94;223m_[0m[38;2;1;89;254;48;2;14;92;245m'[48;2;0;89;253m.[38;2;2;89;254;48;2;0;89;254m,[38;2;1;90;254m.[38;2;1;90;253;48;2;0;89;253m`[38;2;0;89;254m_[38;2;97;136;222;48;2;11;88;240m`[0m[7m[38;2;19;65;162m~[0m[38;2;58;97;202m_                    [0m
 [38;2;0;0;0m   [0m [38;2;25;91;252;48;2;14;90;252mL[38;2;1;89;254;48;2;0;89;253m_[48;2;1;89;253m#[48;2;0;89;253m.[38;2;1;90;254;48;2;1;87;253m`[0m[38;2;75;103;156m[[38;2;136;150;184m`[7m[38;2;22;60;147my[0m[38;2;112;122;163;48;2;24;92;232m,[38;2;3;90;253;48;2;1;89;253m.[38;2;1;89;254;48;2;0;89;253m.. [38;2;0;90;253m`[38;2;21;88;246;48;2;5;89;249m`[0m[7m[38;2;28;87;208m~[0m[38;2;19;89;243m_[0m [38;2;19;21;23m                 [0m
 [38;2;0;0;0m   [0m [38;2;25;92;252;48;2;14;90;252mL[48;2;1;89;253m [38;2;1;90;253;48;2;0;89;253m.[38;2;0;89;254m:[48;2;0;86;253m:[0m[38;2;74;103;155m[  [0m [38;2;42;86;214m~[7m[38;2;33;94;219m_[0m[38;2;0;89;253;48;2;5;90;250m'[38;2;1;90;253;48;2;0;89;253m.[38;2;2;89;254m.[38;2;1;89;254m"[38;2;0;92;253m`[38;2;0;86;251;48;2;1;88;252m`[0m[7m[38;2;23;91;228m`[0m[38;2;19;76;205my[38;2;170;189;222m_[0m [38;2;0;0;0m              [0m
 [38;2;0;0;0m   [0m [38;2;24;91;252;48;2;14;89;252mL[38;2;1;89;253;48;2;0;89;253m_[38;2;1;89;254m?[38;2;0;89;254;48;2;0;88;253m:[38;2;1;90;253;48;2;0;86;253m:[0m[38;2;61;88;152mF    [0m [38;2;89;119;183m~[7m[38;2;22;74;183my[0m[38;2;44;91;202;48;2;10;89;243m,[38;2;1;89;252;48;2;0;89;253m.[38;2;0;89;254m:[38;2;1;89;254m.[38;2;1;90;254m`[38;2;2;89;254;48;2;1;89;253m`[38;2;81;120;232;48;2;13;91;245m`[0m[7m[38;2;25;72;171m7[0m[38;2;70;114;230m_            [0m [0m
 [38;2;0;0;0m   [0m [38;2;25;92;252;48;2;14;90;252mL[38;2;1;89;253;48;2;1;89;254m#[38;2;1;89;254;48;2;0;89;253m_[38;2;0;89;254m:[48;2;0;87;253m [0m[38;2;74;103;155m[       [38;2;78;92;121m`[7m[38;2;29;66;146my[38;2;18;90;234m_[0m[38;2;1;86;252;48;2;1;89;253m_[38;2;0;89;254;48;2;1;90;253m~[48;2;0;89;253m-.[38;2;1;90;253m:[38;2;1;80;244;48;2;5;90;250m`[0m[7m[38;2;15;76;202m~[0m[38;2;47;86;181my[0m [38;2;0;0;0m         [0m [0m
 [38;2;0;0;0m   [0m [38;2;24;91;252;48;2;14;89;252mL[38;2;2;89;254;48;2;0;89;253m_[38;2;0;90;254;48;2;1;89;253mg[38;2;0;88;253;48;2;0;89;253mL[38;2;0;89;254;48;2;0;86;253m:[0m[38;2;75;103;155m[         [0m [38;2;59;106;228m~[7m[38;2;33;90;212m_[0m[38;2;2;90;253;48;2;6;89;251m.[38;2;1;90;253;48;2;0;89;253my[38;2;1;89;254m.[38;2;0;89;254m:[38;2;1;90;254m.[38;2;4;86;252;48;2;1;88;252m`[0m[7m[38;2;14;84;226m`[0m[38;2;22;83;213my[0m [38;2;36;57;113m        [0m
 [38;2;0;0;0m   [0m [38;2;25;92;252;48;2;14;90;252mL[38;2;2;89;254;48;2;1;89;253m~[38;2;1;89;254;48;2;0;89;254m_[48;2;0;89;253m.[38;2;0;89;254;48;2;0;86;253m:[0m[38;2;74;102;155m[            [38;2;60;106;229m`[7m[38;2;31;77;172m_[0m[38;2;0;88;254;48;2;12;87;239m'[38;2;1;89;254;48;2;0;89;253m'[38;2;2;89;254;48;2;0;88;253m.[38;2;0;89;254;48;2;0;89;253m::[38;2;6;90;249;48;2;1;89;253m`[38;2;55;99;237;48;2;12;93;248m`[0m[7m[38;2;30;78;184m~[0m[38;2;71;115;234m_[0m [38;2;0;0;0m     [0m
 [38;2;0;0;0m   [0m [38;2;23;91;252;48;2;13;89;252mL[38;2;2;89;254;48;2;1;89;253m,[38;2;1;89;254;48;2;0;89;253m~[38;2;0;89;254m:[38;2;0;89;253;48;2;0;86;253m:[0m[38;2;74;103;155m[              [0m [7m[38;2;34;69;147my[38;2;14;85;228m_[0m[38;2;4;95;254;48;2;2;89;252m.[38;2;0;89;252;48;2;0;89;253m_[38;2;1;90;253m``[38;2;1;91;249m`[38;2;3;80;249;48;2;5;89;252m`[0m[7m[38;2;23;82;205m`[0m[38;2;14;87;248m_[0m [38;2;0;0;0m   [0m
 [38;2;0;0;0m   [0m [38;2;25;92;252;48;2;15;90;252mL[38;2;0;89;253;48;2;1;89;253my[38;2;1;88;254;48;2;0;88;254m_[48;2;0;89;254m [38;2;0;89;253;48;2;0;86;252m:[0m[38;2;74;102;155m[                [0m [38;2;76;115;221m~[7m[38;2;23;80;201m_[0m[38;2;44;103;245;48;2;8;91;250m,[38;2;2;90;250;48;2;0;89;253m_[48;2;0;89;254m  [38;2;1;89;253;48;2;0;89;253m][38;2;4;88;254m`[38;2;60;77;126;48;2;12;84;229m`[0m[7m[38;2;35;73;152m~[0m [38;2;0;0;0m [0m
 [38;2;0;0;0m   [0m [38;2;24;92;252;48;2;13;89;252mL[38;2;1;89;254;48;2;1;89;253mj[38;2;1;88;254;48;2;0;88;254m"[48;2;0;89;254m [38;2;0;89;253;48;2;0;86;253m:[0m[38;2;74;102;155m[                   [38;2;80;97;141m~[7m[38;2;25;68;163m_[0m[38;2;1;89;254;48;2;20;94;244m`[38;2;2;89;251;48;2;0;89;253m_[38;2;0;89;254m:[48;2;0;89;254m [38;2;1;89;253;48;2;0;89;253m][38;2;2;83;252;48;2;20;94;249m`[0m [38;2;79;84;94m [0m
 [38;2;0;0;0m   [0m [38;2;24;92;252;48;2;14;90;252mL[38;2;2;89;254;48;2;0;89;253m~[38;2;1;89;254my[38;2;0;89;254m:[38;2;1;90;253;48;2;0;86;253m:[0m[38;2;74;102;155m[                     [0m [38;2;13;84;242m~[7m[38;2;19;90;230m_[0m[38;2;0;89;253;48;2;2;88;252m'[38;2;2;89;254;48;2;1;89;253m:[38;2;2;83;251;48;2;20;94;249m`[0m [38;2;79;84;93m [0m
 [38;2;0;0;0m   [0m [7m[38;2;36;93;228m_[38;2;26;92;229m_[38;2;27;91;230m_[38;2;26;91;230m_[38;2;25;91;228m_[0m[38;2;65;88;146mF                       [0m [38;2;66;107;207m~[7m[38;2;19;76;192m_[0m[38;2;1;84;250;48;2;28;96;246m:[0m [38;2;79;84;94m [0m
 [38;2;0;0;0m                                    [38;2;75;95;137m~[0m [38;2;0;0;0m [0m
[?25h